# Created with Anim8or 1.00
# Object "object01":

mtllib 22.mtl

# Shape "mesh11":
g mesh11
# No. points 8:
v -5.45848 7.98963 0
v -5.16251 11.5906 0
v -4.0773 11.6399 0
v -4.27461 7.89097 0
v -5.45849 7.98962 -1.11288
v -5.16252 11.5906 -1.11288
v -4.0773 11.6399 -1.11288
v -4.27461 7.89097 -1.11288

# No. normals 32:
vn 0 0 1
vn 0 0 1
vn 0 0 -1
vn 0 0 -1
vn -0.08304 -0.99655 0
vn -0.99664 0.08192 0
vn -0.04541 0.99897 0
vn 0.99862 -0.05256 0
vn 0 0 1
vn -0.99664 0.08192 0
vn -0.08304 -0.99655 0
vn 0 0 1
vn -0.04541 0.99897 0
vn -0.99664 0.08192 0
vn 0 0 1
vn 0.99862 -0.05256 0
vn -0.04541 0.99897 0
vn 0 0 1
vn 0.99862 -0.05256 0
vn -0.08304 -0.99655 0
vn 0 0 -1
vn -0.99664 0.08192 0
vn -0.08304 -0.99655 0
vn 0 0 -1
vn -0.04541 0.99897 0
vn -0.99664 0.08192 0
vn 0 0 -1
vn 0.99862 -0.05256 0
vn -0.04541 0.99897 0
vn 0 0 -1
vn 0.99862 -0.05256 0
vn -0.08304 -0.99655 0

# No. texture coordinates 0:

# No. faces 8:

usemtl ___default___

f 1//9 4//18 2//12
f 3//15 2//12 4//18
f 6//24 8//30 5//21
f 8//30 6//24 7//27
f 1//11 5//23 8//32 4//20
f 2//14 6//26 5//22 1//10
f 3//17 7//29 6//25 2//13
f 4//19 8//31 7//28 3//16

# End of Object "object01"
